epoch: 18
loss: 0.1661335833646633
iou: 0.8498536656725836
dice: 0.917503312186321
PC: 0.9405979090430441
F1: 0.9175028137851052
AAC: 0.9597113150137442
