epoch: 42
loss: 0.17899209128485785
iou: 0.778948757618301
dice: 0.8756331169161098
PC: 0.8941442250465599
F1: 0.8756326171456789
AAC: 0.9816172281901042
