epoch: 44
loss: 0.3078657451348427
iou: 0.6505388032561416
dice: 0.782185524310921
PC: 0.7615324790496387
F1: 0.7821850300262329
AAC: 0.9581068772536058
